0 0.393973 0.429125 0.022008 0.030194
0 0.245195 0.468882 0.037844 0.045958
0 0.825617 0.553174 0.072453 0.071042
0 0.765852 0.602361 0.068687 0.075500
0 0.835090 0.689382 0.090305 0.084542
0 0.555629 0.460847 0.035242 0.038972
0 0.502848 0.649896 0.069930 0.107847
0 0.216262 0.394063 0.007945 0.019236
0 0.199695 0.394271 0.025188 0.019653
0 0.273805 0.406278 0.020859 0.018111
0 0.303801 0.401389 0.027414 0.019583
0 0.322844 0.419611 0.030109 0.027278
0 0.261965 0.546611 0.040789 0.059667
0 0.382180 0.483194 0.039531 0.043778
0 0.621332 0.452410 0.047133 0.041042
0 0.629109 0.480056 0.048594 0.041028
0 0.613922 0.503382 0.046891 0.044486
0 0.970480 0.716701 0.059039 0.101208
0 0.222504 0.932424 0.122977 0.135153
0 0.436141 0.948139 0.123938 0.103722
0 0.559863 0.775174 0.080508 0.124764
0 0.484969 0.458125 0.031969 0.030417
0 0.281875 0.652715 0.056406 0.099875
0 0.323359 0.526896 0.047531 0.068792
0 0.347453 0.435625 0.030219 0.020417
0 0.460992 0.469306 0.036563 0.033056
