0 0.778430 0.655236 0.084578 0.071583
0 0.301055 0.650069 0.051656 0.093056
0 0.821996 0.559021 0.068773 0.055764
0 0.386852 0.429382 0.028234 0.024347
0 0.506305 0.427674 0.100859 0.088958
0 0.319383 0.480424 0.037266 0.038042
0 0.274105 0.491097 0.035805 0.047222
0 0.626727 0.874187 0.119109 0.186986
0 0.471047 0.969604 0.105875 0.060792
0 0.250230 0.947313 0.098914 0.105375
0 0.651852 0.443542 0.124266 0.095694
0 0.565293 0.478840 0.051898 0.052153
0 0.966680 0.608333 0.066641 0.078611
0 0.257918 0.549653 0.039945 0.068472
0 0.681250 0.498944 0.050938 0.050111
0 0.803113 0.510000 0.068305 0.053889
0 0.572320 0.521604 0.046203 0.045153
0 0.423672 0.563382 0.047500 0.074069
0 0.330957 0.538736 0.039961 0.058861
0 0.708742 0.551840 0.058766 0.062014
0 0.189051 0.438208 0.032305 0.059694
0 0.251836 0.402146 0.021437 0.027236
0 0.281523 0.403826 0.025500 0.021931
0 0.302605 0.420944 0.020758 0.022417
0 0.343344 0.432514 0.025766 0.023861
0 0.361707 0.413014 0.025914 0.023417
