0 0.283926 0.688681 0.062383 0.119861
0 0.576258 0.483083 0.050875 0.052889
0 0.774734 0.870417 0.118641 0.148306
0 0.456187 0.604014 0.051344 0.077194
0 0.715336 0.513646 0.055375 0.059792
0 0.700340 0.598917 0.066695 0.071306
0 0.340656 0.542938 0.051359 0.061986
0 0.409402 0.675194 0.059086 0.113833
0 0.850840 0.696139 0.089523 0.087444
0 0.521508 0.659097 0.071312 0.114583
0 0.266250 0.586111 0.045469 0.073889
0 0.249199 0.912882 0.098727 0.158403
0 0.362230 0.435972 0.032570 0.031111
0 0.312574 0.423125 0.027195 0.029306
0 0.676508 0.959062 0.117672 0.081875
0 0.594887 0.464292 0.033180 0.038556
0 0.487969 0.434604 0.034047 0.043181
0 0.444484 0.461778 0.037297 0.034306
0 0.422687 0.544090 0.055734 0.075569
0 0.494254 0.553736 0.049227 0.057056
0 0.457715 0.448667 0.027758 0.035083
0 0.371289 0.408764 0.031016 0.028528
0 0.237047 0.521542 0.035781 0.054361
0 0.262527 0.483181 0.033398 0.042417
0 0.227395 0.451181 0.034695 0.042417
0 0.242902 0.410500 0.029711 0.029694
0 0.264805 0.398167 0.019734 0.018889
0 0.877773 0.645674 0.082687 0.071264
