0 0.430297 0.424924 0.029875 0.034792
0 0.722699 0.548438 0.064523 0.070153
0 0.839027 0.618604 0.091758 0.080875
0 0.499820 0.556868 0.065250 0.073042
0 0.491508 0.462472 0.038531 0.040222
0 0.447813 0.457743 0.046500 0.048264
0 0.440617 0.581764 0.052109 0.067083
0 0.593965 0.528715 0.046602 0.060597
0 0.532348 0.678743 0.070008 0.113347
0 0.623988 0.499549 0.052102 0.053181
0 0.351086 0.471139 0.043922 0.067722
0 0.289961 0.595486 0.079766 0.169861
0 0.341055 0.543056 0.040859 0.060000
0 0.249984 0.521875 0.046125 0.082083
0 0.833738 0.552354 0.078539 0.072792
0 0.971793 0.721215 0.056414 0.092319
0 0.254605 0.457840 0.029555 0.036153
0 0.243289 0.431090 0.035656 0.034708
0 0.364207 0.437236 0.036477 0.038806
0 0.384477 0.428312 0.017641 0.027236
0 0.515309 0.439069 0.045227 0.045222
0 0.216758 0.400646 0.011250 0.022097
0 0.198711 0.398042 0.024375 0.024389
0 0.176328 0.391792 0.018281 0.018139
0 0.325148 0.419354 0.028141 0.032403
0 0.285113 0.404917 0.025867 0.030639
