0 0.443539 0.502944 0.049437 0.066778
0 0.399980 0.677424 0.058945 0.114903
0 0.544805 0.500660 0.042109 0.052986
0 0.495246 0.628722 0.060758 0.102194
0 0.466363 0.440625 0.038055 0.052361
0 0.764359 0.639639 0.073781 0.090389
0 0.647801 0.566000 0.057477 0.053111
0 0.418008 0.432431 0.038203 0.038750
0 0.369855 0.587653 0.047633 0.076750
0 0.346523 0.412431 0.033516 0.041528
0 0.663453 0.965958 0.111375 0.068083
0 0.231766 0.919938 0.127094 0.160125
0 0.542078 0.455764 0.047047 0.046972
0 0.529430 0.582722 0.049859 0.061639
0 0.374332 0.518486 0.041305 0.050972
0 0.377492 0.477306 0.034984 0.038306
0 0.331160 0.481187 0.038227 0.044931
0 0.256801 0.480042 0.034664 0.043194
0 0.248785 0.445188 0.029648 0.038014
0 0.198887 0.450375 0.018305 0.032833
0 0.262555 0.414951 0.017984 0.019014
0 0.218652 0.406167 0.017336 0.015833
0 0.188684 0.394361 0.012477 0.014694
0 0.173617 0.400833 0.012797 0.013250
0 0.871117 0.931986 0.143391 0.136028
0 0.920125 0.654910 0.100234 0.109347
0 0.597602 0.826569 0.094047 0.139778
0 0.703902 0.503556 0.056852 0.056694
0 0.628617 0.510549 0.052250 0.047597
0 0.308668 0.521285 0.039961 0.057486
0 0.657918 0.699174 0.088586 0.113542
