0 0.508844 0.561076 0.054641 0.066042
0 0.250695 0.552354 0.039078 0.046931
0 0.911902 0.597361 0.082945 0.065278
0 0.331289 0.487104 0.038516 0.046042
0 0.322051 0.417250 0.041477 0.034167
0 0.212188 0.403167 0.019000 0.020639
0 0.272969 0.399403 0.014453 0.015889
0 0.260273 0.410000 0.028516 0.026500
0 0.261137 0.454444 0.033617 0.034722
0 0.288031 0.439979 0.037078 0.038986
0 0.399719 0.416271 0.032750 0.034736
0 0.370551 0.476993 0.035133 0.038208
0 0.431383 0.509958 0.047063 0.062500
0 0.430406 0.570299 0.034266 0.063653
0 0.387203 0.635903 0.077969 0.195278
0 0.731574 0.798667 0.113242 0.172306
0 0.918504 0.548222 0.067664 0.051278
0 0.292254 0.506646 0.039008 0.062097
0 0.261320 0.484583 0.035672 0.045556
0 0.293238 0.775840 0.072430 0.144708
0 0.737191 0.492535 0.050461 0.051847
0 0.747480 0.577972 0.068477 0.064361
0 0.544289 0.735854 0.073797 0.114958
0 0.299437 0.595743 0.042797 0.074347
0 0.894121 0.460250 0.065586 0.064389
0 0.328020 0.540083 0.038570 0.060389
