0 0.269262 0.434174 0.033742 0.029986
0 0.990824 0.642319 0.018023 0.057972
0 0.438078 0.582187 0.048578 0.062819
0 0.552844 0.472118 0.052297 0.055625
0 0.262273 0.898542 0.121719 0.191667
0 0.842543 0.615944 0.072773 0.069472
0 0.616543 0.497646 0.051570 0.059653
0 0.736105 0.518403 0.052773 0.050639
0 0.700043 0.537701 0.057023 0.058625
0 0.474957 0.631972 0.057273 0.080500
0 0.284492 0.626069 0.061484 0.104528
0 0.778570 0.647979 0.087141 0.107069
0 0.291051 0.503799 0.037117 0.049764
0 0.622734 0.679708 0.075000 0.101861
0 0.230148 0.468618 0.032672 0.033347
0 0.326859 0.538736 0.039562 0.064417
0 0.542117 0.583271 0.054922 0.077681
0 0.378633 0.511813 0.044047 0.061986
0 0.460922 0.520007 0.051172 0.067653
0 0.383977 0.485160 0.034859 0.039319
0 0.274137 0.462340 0.035242 0.035625
0 0.323340 0.445174 0.037680 0.045319
0 0.236273 0.440375 0.032984 0.032972
0 0.192133 0.446514 0.009187 0.025361
0 0.174512 0.377528 0.062789 0.073972
0 0.227746 0.408861 0.018555 0.019361
0 0.255488 0.402181 0.020805 0.023333
0 0.267105 0.415528 0.016305 0.016028
0 0.297754 0.405514 0.026992 0.022000
0 0.339363 0.419840 0.028492 0.019986
0 0.464293 0.453993 0.035055 0.034319
0 0.516398 0.431007 0.045172 0.044986
0 0.661477 0.470125 0.046453 0.043722
