0 0.769668 0.571389 0.069102 0.076667
0 0.271273 0.834056 0.079172 0.159222
0 0.686523 0.740986 0.090188 0.119750
0 0.497332 0.480243 0.042758 0.041042
0 0.462691 0.950069 0.114289 0.099861
0 0.325090 0.422569 0.032320 0.027361
0 0.274930 0.705069 0.060922 0.095417
0 0.478375 0.613361 0.060719 0.090944
0 0.377316 0.618104 0.054258 0.096458
0 0.237863 0.533972 0.036820 0.048083
0 0.273535 0.488799 0.034117 0.042264
0 0.307348 0.467931 0.037570 0.038722
0 0.593305 0.461132 0.033328 0.045569
0 0.396742 0.446104 0.034094 0.027292
0 0.427359 0.433806 0.038000 0.041056
0 0.317133 0.404521 0.024594 0.018514
0 0.266441 0.408736 0.019930 0.025333
0 0.240141 0.407625 0.021016 0.018861
0 0.193980 0.398250 0.014367 0.019306
0 0.608117 0.889674 0.110719 0.182292
0 0.554609 0.470625 0.052969 0.060139
0 0.759914 0.405347 0.031422 0.048472
0 0.965035 0.707667 0.065539 0.065278
0 0.772852 0.652861 0.078312 0.090583
0 0.634453 0.557438 0.057500 0.051931
0 0.814422 0.519597 0.059906 0.057917
