0 0.560547 0.511653 0.046719 0.051694
0 0.266664 0.540764 0.038859 0.060417
0 0.241367 0.466326 0.036484 0.049708
0 0.653008 0.520694 0.049766 0.040833
0 0.744406 0.560674 0.056937 0.056986
0 0.774863 0.541625 0.051602 0.042139
0 0.197207 0.438194 0.019148 0.025667
0 0.221523 0.427340 0.031172 0.026903
0 0.363359 0.423424 0.017062 0.023653
0 0.346965 0.430736 0.032680 0.028389
0 0.436754 0.440958 0.030492 0.041083
0 0.505711 0.441708 0.119188 0.139639
0 0.428375 0.502806 0.042188 0.051028
0 0.366730 0.509757 0.043133 0.060542
0 0.396125 0.691528 0.059344 0.093444
0 0.502387 0.554028 0.049195 0.056472
0 0.620637 0.550562 0.052273 0.055542
0 0.866848 0.720812 0.096039 0.097514
0 0.287336 0.504396 0.038109 0.045458
0 0.662941 0.494333 0.047992 0.037361
0 0.453063 0.957569 0.118000 0.084861
0 0.205664 0.485903 0.032578 0.057083
0 0.733633 0.623479 0.071172 0.070292
