0 0.380430 0.626569 0.049766 0.075083
0 0.238277 0.521167 0.037508 0.063167
0 0.307891 0.529917 0.041406 0.071500
0 0.632230 0.561667 0.052430 0.054167
0 0.251164 0.404986 0.027391 0.030361
0 0.185348 0.396549 0.024539 0.025069
0 0.232254 0.397854 0.018570 0.024875
0 0.339691 0.411389 0.030461 0.020639
0 0.560797 0.487931 0.041562 0.045500
0 0.597414 0.641917 0.067516 0.087778
0 0.434012 0.898833 0.103789 0.202333
0 0.567148 0.446306 0.041562 0.037750
0 0.854035 0.944194 0.108961 0.111611
0 0.985582 0.636264 0.028383 0.087583
0 0.344020 0.493681 0.038742 0.041556
0 0.294371 0.466354 0.038273 0.048792
0 0.192461 0.476083 0.010844 0.035194
0 0.191359 0.447403 0.020375 0.029889
0 0.177414 0.415743 0.015719 0.026208
0 0.830715 0.612056 0.071617 0.062139
0 0.273965 0.838201 0.085648 0.138347
0 0.859453 0.711042 0.103906 0.110417
0 0.505781 0.463882 0.039062 0.039153
0 0.423477 0.421687 0.037422 0.034153
0 0.663527 0.521250 0.051586 0.054167
0 0.333492 0.427847 0.029578 0.034861
