0 0.497922 0.485132 0.045437 0.050903
0 0.682719 0.721694 0.086203 0.128083
0 0.811191 0.676153 0.085023 0.082917
0 0.444766 0.573403 0.048750 0.065833
0 0.935996 0.687465 0.086680 0.086042
0 0.282738 0.780597 0.078508 0.172583
0 0.849152 0.959535 0.064664 0.067875
0 0.677293 0.963847 0.108836 0.072306
0 0.281406 0.993708 0.074234 0.012583
0 0.286277 0.631188 0.046352 0.075847
0 0.274520 0.590278 0.038961 0.059722
0 0.545105 0.582812 0.066852 0.105708
0 0.330281 0.546681 0.043672 0.060917
0 0.236730 0.522194 0.036617 0.052556
0 0.341227 0.494521 0.038641 0.049069
0 0.345246 0.467090 0.035633 0.031681
0 0.201324 0.478896 0.029383 0.043764
0 0.240105 0.466194 0.034633 0.044167
0 0.262668 0.448326 0.037680 0.043319
0 0.213371 0.437403 0.032898 0.031278
0 0.522504 0.693181 0.066523 0.116250
0 0.534559 0.437625 0.037914 0.042417
0 0.443598 0.465063 0.037164 0.037514
0 0.471824 0.427361 0.044445 0.047778
0 0.391527 0.445660 0.032898 0.029042
0 0.381004 0.420472 0.035383 0.042833
0 0.317754 0.417556 0.016836 0.025472
0 0.264055 0.411750 0.022359 0.024583
0 0.237707 0.400375 0.020852 0.023250
0 0.663152 0.476292 0.043758 0.030861
0 0.979398 0.580125 0.041125 0.071694
0 0.610254 0.474090 0.050336 0.051625
0 0.596523 0.529813 0.038641 0.048931
0 0.397578 0.657521 0.069687 0.137236
0 0.929129 0.608486 0.083602 0.075306
0 0.676910 0.580743 0.062211 0.066819
