0 0.264109 0.481326 0.038172 0.050903
0 0.173000 0.391743 0.017266 0.030986
0 0.306184 0.413299 0.020102 0.019597
0 0.575605 0.480167 0.052039 0.051056
0 0.527852 0.726479 0.066641 0.103097
0 0.719348 0.604090 0.066461 0.080347
0 0.846848 0.564396 0.068227 0.083153
0 0.777555 0.561993 0.083328 0.095264
0 0.273945 0.599000 0.041953 0.073833
0 0.454492 0.589000 0.055703 0.073944
0 0.186406 0.386813 0.015000 0.023597
0 0.211762 0.397076 0.025773 0.029903
0 0.249453 0.396826 0.026141 0.023931
0 0.774453 0.421889 0.047031 0.044306
0 0.372781 0.439326 0.032109 0.029319
0 0.406375 0.435229 0.030234 0.027236
0 0.345543 0.490965 0.042289 0.058597
0 0.258473 0.551882 0.040336 0.060153
0 0.453227 0.518153 0.045109 0.061306
0 0.816578 0.929236 0.149812 0.141528
0 0.433598 0.937361 0.133680 0.125278
0 0.584586 0.527444 0.047297 0.047056
0 0.385066 0.626479 0.057836 0.094069
0 0.482145 0.467347 0.041492 0.036917
0 0.613719 0.474167 0.036594 0.045000
0 0.479961 0.435347 0.035703 0.027917
